[1634419500000, 60980.92, 61013.13, 60880.02, 60914.98, 94.6477]
[1634419800000, 60914.98, 60968.52, 60913.6, 60953.08, 52.04398]
[1634420100000, 60951.59, 60960.91, 60910.11, 60910.84, 29.07491]
[1634420400000, 60910.85, 60917.73, 60825.44, 60865.02, 40.1969]
[1634420700000, 60865.02, 60874.17, 60846.83, 60856.05, 21.50066]
[1634421000000, 60856.05, 60856.06, 60728.29, 60733.23, 53.66035]
[1634421300000, 60733.22, 60783.67, 60668.19, 60670.18, 91.03764]
[1634421600000, 60670.18, 60710.41, 60518.0, 60669.67, 83.96887]
[1634421900000, 60669.68, 60861.1, 60666.25, 60780.77, 49.12889]
[1634422200000, 60780.76, 60804.56, 60500.0, 60592.58, 101.26414]
[1634422500000, 60592.59, 60671.88, 60545.0, 60560.93, 47.20616]
[1634422800000, 60560.37, 60627.75, 60552.25, 60579.13, 29.63102]
[1634423100000, 60579.12, 60618.12, 60549.63, 60582.73, 43.57322]
[1634423400000, 60582.73, 60693.12, 60582.73, 60652.86, 41.67319]
[1634423700000, 60652.85, 60767.79, 60621.15, 60734.9, 50.43455]
[1634424000000, 60736.47, 60826.09, 60734.89, 60810.17, 32.09655]
[1634424300000, 60810.17, 60931.03, 60810.17, 60927.54, 48.73233]
[1634424600000, 60927.54, 60938.77, 60836.96, 60837.27, 52.5596]
[1634424900000, 60837.28, 60866.77, 60783.22, 60795.35, 43.88727]
[1634425200000, 60795.34, 60812.82, 60701.09, 60762.13, 47.83381]
[1634425500000, 60760.64, 60924.93, 60760.63, 60907.16, 39.05993]
[1634425800000, 60907.15, 60950.0, 60907.15, 60924.52, 39.66755]
[1634426100000, 60924.52, 60949.43, 60868.35, 60912.75, 103.47196]
[1634426400000, 60912.74, 60955.71, 60897.91, 60925.82, 29.74588]
[1634426700000, 60925.83, 61000.0, 60895.01, 60970.38, 50.53227]
[1634427000000, 60970.38, 61022.15, 60927.75, 61002.31, 35.89682]
[1634427300000, 61002.32, 61088.6, 61002.31, 61016.76, 172.99609]
[1634427600000, 61016.76, 61039.99, 60951.31, 60976.08, 41.81347]
[1634427900000, 60976.08, 60976.09, 60907.37, 60914.02, 32.36119]
[1634428200000, 60914.02, 60917.44, 60860.9, 60880.33, 33.58134]
[1634428500000, 60880.33, 60900.0, 60851.76, 60875.57, 29.62581]
[1634428800000, 60875.57, 60936.68, 60690.39, 60696.22, 130.51281]
[1634429100000, 60696.21, 61084.49, 60633.46, 61041.3, 227.0024]
[1634429400000, 61041.3, 61167.95, 61034.77, 61068.57, 160.81037]
[1634429700000, 61068.57, 61069.09, 60721.27, 60749.99, 103.81796]
[1634430000000, 60749.99, 60807.82, 60614.41, 60696.27, 164.22374]
[1634430300000, 60696.27, 60711.57, 60525.0, 60623.09, 101.46164]
[1634430600000, 60623.09, 60642.7, 60475.76, 60563.78, 128.18376]
[1634430900000, 60563.79, 60785.53, 60556.0, 60771.33, 236.98342]
[1634431200000, 60770.07, 60860.85, 60729.21, 60832.92, 65.87267]
[1634431500000, 60832.92, 61041.36, 60810.78, 61030.98, 115.18986]
[1634431800000, 61030.98, 61067.38, 60893.11, 60950.01, 81.37526]
[1634432100000, 60950.01, 60966.35, 60908.28, 60916.18, 59.74546]
[1634432400000, 60920.47, 61133.32, 60866.49, 61091.18, 227.61704]
[1634432700000, 61091.18, 61099.99, 60967.3, 61058.36, 75.51299]
[1634433000000, 61062.59, 61062.6, 61000.0, 61008.82, 60.42231]
[1634433300000, 61008.81, 61053.78, 60946.35, 60987.09, 67.57223]
[1634433600000, 60990.01, 61025.0, 60941.5, 61010.46, 81.87695]
[1634433900000, 61010.47, 61104.79, 61010.46, 61098.44, 54.19505]
[1634434200000, 61098.44, 61405.94, 61085.02, 61287.86, 331.33407]
[1634434500000, 61287.85, 61300.0, 61194.31, 61194.32, 68.23785]
[1634434800000, 61194.31, 61260.0, 61192.85, 61260.0, 41.66739]
[1634435100000, 61260.0, 61292.03, 61158.06, 61193.34, 87.99944]
[1634435400000, 61193.33, 61198.79, 61082.79, 61123.25, 75.70583]
[1634435700000, 61123.25, 61132.01, 61060.54, 61077.62, 55.73985]
[1634436000000, 61077.63, 61098.87, 61017.81, 61039.28, 60.66465]
[1634436300000, 61039.27, 61070.65, 61009.91, 61055.59, 104.50158]
[1634436600000, 61055.58, 61184.32, 61044.73, 61052.84, 83.64902]
[1634436900000, 61052.85, 61052.85, 60920.02, 60958.01, 61.85552]
[1634437200000, 60958.02, 60958.02, 60900.0, 60900.56, 38.94913]
[1634437500000, 60900.55, 60953.65, 60849.56, 60897.13, 72.98517]
[1634437800000, 60897.14, 60999.0, 60865.76, 60980.99, 55.4145]
[1634438100000, 60981.0, 61024.9, 60945.8, 60945.81, 41.98913]
[1634438400000, 60945.81, 60998.16, 60906.26, 60964.82, 61.28433]
[1634438700000, 60964.81, 61119.87, 60964.81, 61063.31, 82.6426]
[1634439000000, 61063.31, 61135.21, 61063.3, 61113.29, 30.24297]
[1634439300000, 61108.46, 61220.82, 61090.0, 61100.0, 56.77318]
[1634439600000, 61100.0, 61220.0, 61044.44, 61193.8, 80.84213]
[1634439900000, 61197.81, 61270.67, 61172.09, 61208.33, 54.91013]
[1634440200000, 61208.32, 61238.8, 61139.2, 61180.4, 74.58231]
[1634440500000, 61180.4, 61230.37, 61150.68, 61227.45, 55.63292]
[1634440800000, 61227.46, 61363.53, 61225.46, 61334.39, 135.44465]
[1634441100000, 61334.4, 61334.4, 61211.01, 61216.81, 85.39769]
[1634441400000, 61216.82, 61349.79, 61200.0, 61308.45, 89.86593]
[1634441700000, 61308.44, 61322.13, 61190.95, 61209.42, 107.54391]
[1634442000000, 61209.42, 61216.11, 61163.33, 61201.89, 59.82093]
[1634442300000, 61201.89, 61201.9, 61133.91, 61169.16, 44.68836]
[1634442600000, 61169.16, 61201.0, 61145.33, 61175.21, 61.31204]
[1634442900000, 61175.21, 61267.39, 61100.89, 61115.85, 99.34844]
[1634443200000, 61115.86, 61138.9, 61052.34, 61052.34, 63.52735]
[1634443500000, 61052.34, 61117.27, 61011.08, 61110.9, 110.1233]
[1634443800000, 61110.89, 61200.0, 61075.93, 61157.11, 111.18497]
[1634444100000, 61157.12, 61249.93, 61156.64, 61170.01, 77.29594]
[1634444400000, 61165.62, 61219.99, 61105.51, 61115.9, 79.41652]
[1634444700000, 61115.91, 61127.91, 61012.49, 61060.36, 191.63399]
[1634445000000, 61060.36, 61078.7, 60986.62, 61052.72, 91.8928]
[1634445300000, 61052.72, 61096.05, 61000.0, 61074.17, 73.6625]
[1634445600000, 61074.17, 61132.67, 61057.05, 61067.27, 45.45294]
[1634445900000, 61067.28, 61094.09, 61013.92, 61033.61, 52.20515]
[1634446200000, 61033.62, 61033.62, 60925.68, 60944.73, 89.92309]
[1634446500000, 60944.72, 60987.21, 60883.39, 60912.35, 95.13799]
[1634446800000, 60912.36, 60973.1, 60891.42, 60907.48, 98.7286]
[1634447100000, 60907.48, 60950.0, 60899.0, 60899.01, 139.83763]
[1634447400000, 60899.01, 60924.23, 60880.0, 60921.81, 61.81054]
[1634447700000, 60921.81, 60921.81, 60830.77, 60876.47, 56.55265]
[1634448000000, 60876.47, 60877.75, 60736.99, 60772.0, 99.12107]
[1634448300000, 60772.0, 60812.44, 60762.27, 60762.28, 41.62812]
[1634448600000, 60762.27, 60820.64, 60751.89, 60805.48, 49.70659]
[1634448900000, 60805.49, 60823.41, 60696.0, 60735.15, 74.54627]
[1634449200000, 60735.14, 60783.53, 60710.0, 60759.72, 47.08503]
[1634449500000, 60759.71, 60846.31, 60704.96, 60829.51, 53.95242]
[1634449800000, 60829.51, 60866.0, 60691.27, 60699.01, 72.1965]
[1634450100000, 60699.0, 60728.05, 60609.24, 60648.87, 139.94632]
[1634450400000, 60648.87, 60711.06, 60620.83, 60654.07, 67.97943]
[1634450700000, 60654.08, 60715.69, 60620.05, 60699.99, 55.3491]
[1634451000000, 60700.0, 60705.98, 60629.03, 60649.99, 123.15478]
[1634451300000, 60649.99, 60678.21, 60600.0, 60678.21, 134.60481]
[1634451600000, 60678.21, 60819.99, 60678.2, 60815.5, 95.69556]
[1634451900000, 60815.5, 60815.5, 60598.09, 60602.01, 83.99074]
[1634452200000, 60602.02, 60677.66, 60543.01, 60640.01, 77.09483]
[1634452500000, 60640.0, 60729.91, 60631.28, 60691.33, 47.80935]
[1634452800000, 60691.33, 60767.69, 60691.32, 60739.82, 54.47424]
[1634453100000, 60739.81, 60744.2, 60640.47, 60675.52, 53.14407]
[1634453400000, 60675.51, 60810.0, 60675.51, 60798.34, 80.30568]
[1634453700000, 60796.31, 60856.27, 60671.02, 60671.98, 74.14514]
[1634454000000, 60671.98, 60733.38, 60639.83, 60642.86, 72.76561]
[1634454300000, 60645.91, 60689.98, 60636.4, 60667.39, 37.52399]
[1634454600000, 60667.38, 60779.44, 60667.38, 60741.1, 74.21249]
[1634454900000, 60741.1, 60840.79, 60741.1, 60804.34, 85.74075]
[1634455200000, 60804.34, 60830.33, 60771.01, 60799.3, 107.22634]
[1634455500000, 60799.31, 60819.02, 60781.97, 60786.94, 59.18292]
[1634455800000, 60786.94, 60786.94, 60658.43, 60676.0, 88.60592]
[1634456100000, 60676.0, 60676.01, 60605.55, 60614.11, 63.57606]
[1634456400000, 60614.11, 60665.61, 60609.0, 60658.0, 52.35206]
[1634456700000, 60657.99, 60681.83, 60600.0, 60609.53, 88.79822]
[1634457000000, 60609.53, 60609.54, 60299.33, 60453.97, 287.2817]
[1634457300000, 60453.97, 60464.0, 60310.01, 60329.54, 88.15908]
[1634457600000, 60329.54, 60500.0, 60322.85, 60412.53, 152.07976]
[1634457900000, 60412.53, 60501.99, 60409.42, 60472.76, 65.53938]
[1634458200000, 60472.75, 60615.14, 60450.0, 60588.51, 96.84779]
[1634458500000, 60588.51, 60698.75, 60588.5, 60692.63, 80.92339]
[1634458800000, 60692.62, 60692.62, 60610.73, 60637.87, 95.76996]
[1634459100000, 60637.86, 60838.08, 60592.88, 60777.8, 115.67617]
[1634459400000, 60777.79, 60912.48, 60741.36, 60808.7, 98.46502]
[1634459700000, 60808.7, 60814.92, 60718.33, 60721.15, 80.18496]
[1634460000000, 60721.15, 60746.91, 60670.0, 60746.62, 103.90989]
[1634460300000, 60746.61, 60808.98, 60714.09, 60752.48, 52.51216]
[1634460600000, 60752.48, 60754.01, 60679.55, 60684.86, 49.70959]
[1634460900000, 60684.86, 60692.8, 60670.0, 60670.93, 67.89933]
[1634461200000, 60670.92, 60696.68, 60650.0, 60650.0, 98.17159]
[1634461500000, 60650.01, 60674.31, 60619.89, 60668.89, 80.98238]
[1634461800000, 60668.93, 60835.0, 60665.31, 60804.98, 84.36577]
[1634462100000, 60804.98, 61064.93, 60804.98, 60971.06, 170.02845]
[1634462400000, 60971.06, 61035.35, 60901.26, 60922.83, 95.39031]
[1634462700000, 60922.84, 60995.4, 60882.54, 60989.13, 52.75912]
[1634463000000, 60989.14, 61042.53, 60952.96, 61012.78, 86.15486]
[1634463300000, 61017.53, 61084.91, 60980.9, 61057.57, 81.06167]
[1634463600000, 61057.57, 61210.0, 60992.74, 61166.73, 213.42152]
[1634463900000, 61166.73, 61199.33, 61126.21, 61143.59, 94.86693]
[1634464200000, 61143.59, 61230.0, 61112.0, 61195.71, 123.95157]
[1634464500000, 61195.71, 61240.92, 61182.13, 61222.81, 98.59589]
[1634464800000, 61222.81, 61294.2, 61218.39, 61290.51, 123.71692]
[1634465100000, 61290.5, 61342.25, 61122.45, 61148.01, 272.47755]
[1634465400000, 61148.01, 61180.24, 61077.44, 61110.31, 98.60261]
[1634465700000, 61110.3, 61145.84, 61031.26, 61068.54, 92.47045]
[1634466000000, 61068.55, 61068.55, 61000.39, 61015.17, 58.54841]
[1634466300000, 61015.17, 61084.6, 61000.01, 61060.35, 64.05907]
[1634466600000, 61060.35, 61069.0, 60963.04, 60967.06, 104.65692]
[1634466900000, 60967.06, 61290.0, 60919.36, 61289.99, 176.67166]
[1634467200000, 61289.99, 61465.9, 61181.62, 61201.58, 352.25055]
[1634467500000, 61201.58, 61258.24, 61085.07, 61252.43, 134.70842]
[1634467800000, 61252.42, 61366.66, 61227.89, 61240.09, 118.14091]
[1634468100000, 61240.09, 61240.1, 61133.33, 61133.33, 72.30256]
[1634468400000, 61133.33, 61207.28, 61130.24, 61146.47, 109.75728]
[1634468700000, 61146.47, 61226.71, 61146.47, 61226.7, 87.8156]
[1634469000000, 61226.71, 61244.77, 61196.55, 61227.49, 85.93806]
[1634469300000, 61227.49, 61300.0, 61212.58, 61290.13, 107.81083]
[1634469600000, 61290.13, 61320.33, 61145.06, 61145.06, 122.13919]
[1634469900000, 61145.06, 61182.08, 61085.43, 61113.61, 94.04878]
[1634470200000, 61113.61, 61177.35, 61055.17, 61055.18, 104.9529]
[1634470500000, 61055.18, 61120.02, 61014.62, 61080.0, 110.84591]
[1634470800000, 61080.01, 61120.02, 61063.09, 61090.01, 96.84381]
[1634471100000, 61090.0, 61113.27, 61038.98, 61070.65, 115.62337]
[1634471400000, 61070.64, 61161.79, 61070.64, 61076.43, 123.91264]
[1634471700000, 61076.43, 61081.84, 60935.0, 60939.89, 158.80858]
[1634472000000, 60939.9, 60982.82, 60823.1, 60899.99, 284.85805]
[1634472300000, 60900.0, 60900.0, 60726.01, 60842.46, 254.3867]
[1634472600000, 60842.46, 60902.6, 60750.01, 60761.1, 119.9505]
[1634472900000, 60761.11, 60852.98, 60761.1, 60801.96, 75.11808]
[1634473200000, 60801.96, 60843.86, 60723.13, 60731.56, 70.95074]
[1634473500000, 60731.56, 60789.91, 60700.0, 60786.54, 90.1229]
[1634473800000, 60786.53, 60865.18, 60777.02, 60859.52, 90.90162]
[1634474100000, 60859.52, 60863.03, 60760.65, 60783.55, 66.18267]
[1634474400000, 60783.55, 60802.32, 60703.03, 60792.0, 66.07543]
[1634474700000, 60792.0, 60877.53, 60785.86, 60870.07, 88.85982]
[1634475000000, 60870.08, 60886.23, 60809.6, 60825.0, 90.07877]
[1634475300000, 60824.99, 60873.69, 60800.85, 60861.23, 68.94083]
[1634475600000, 60861.23, 60861.25, 60751.76, 60836.0, 68.65568]
[1634475900000, 60836.0, 60860.0, 60783.45, 60809.64, 62.74442]
[1634476200000, 60809.64, 61131.31, 60781.75, 61087.22, 171.19069]
[1634476500000, 61087.23, 61166.18, 61052.13, 61166.17, 129.30713]
[1634476800000, 61166.18, 61326.64, 61149.72, 61200.0, 395.04741]
[1634477100000, 61199.99, 61300.0, 61107.75, 61175.49, 166.45859]
[1634477400000, 61173.48, 61219.99, 61122.99, 61182.36, 110.62215]
[1634477700000, 61182.36, 61191.67, 60972.22, 61010.0, 135.03216]
[1634478000000, 61010.0, 61031.18, 60728.97, 60744.14, 197.40776]
[1634478300000, 60744.14, 60814.36, 60611.71, 60772.14, 276.10088]
[1634478600000, 60772.14, 60858.99, 60605.34, 60849.26, 189.7764]
[1634478900000, 60849.25, 61026.53, 60813.0, 61017.04, 86.29957]
[1634479200000, 61017.04, 61083.54, 60908.6, 60965.46, 114.22901]
[1634479500000, 60965.46, 60986.97, 60842.09, 60907.62, 67.84315]
[1634479800000, 60907.61, 60907.62, 60816.68, 60844.49, 65.6185]
[1634480100000, 60844.48, 60966.75, 60825.01, 60922.72, 68.0212]
[1634480400000, 60922.71, 60971.53, 60834.46, 60856.01, 60.65797]
[1634480700000, 60856.0, 60856.01, 60773.03, 60787.93, 51.25729]
[1634481000000, 60787.93, 60898.96, 60766.58, 60891.03, 52.33017]
[1634481300000, 60891.03, 60900.0, 60785.23, 60790.88, 33.1945]
[1634481600000, 60790.88, 60829.48, 60756.99, 60829.48, 65.00347]
[1634481900000, 60829.48, 60928.38, 60776.37, 60820.98, 60.9416]
[1634482200000, 60820.99, 60956.33, 60807.18, 60928.8, 49.61124]
[1634482500000, 60928.79, 61100.0, 60910.43, 61017.77, 93.72164]
[1634482800000, 61017.77, 61100.26, 60906.57, 60910.38, 107.4099]
[1634483100000, 60910.39, 60949.8, 60750.0, 60783.71, 123.27165]
[1634483400000, 60783.71, 60838.44, 60750.0, 60832.74, 85.22427]
[1634483700000, 60832.75, 60885.88, 60760.95, 60767.03, 94.66177]
[1634484000000, 60769.15, 60900.0, 60700.0, 60891.0, 173.33539]
[1634484300000, 60890.99, 60910.52, 60767.47, 60812.2, 144.18466]
[1634484600000, 60812.21, 60871.99, 60715.0, 60715.01, 56.66418]
[1634484900000, 60715.0, 60750.19, 60471.97, 60659.94, 425.51438]
[1634485200000, 60659.94, 60689.39, 60580.98, 60623.07, 133.37791]
[1634485500000, 60623.07, 60800.0, 60576.55, 60770.69, 120.91877]
[1634485800000, 60770.7, 60800.0, 60670.33, 60715.91, 80.02691]
[1634486100000, 60715.9, 60826.1, 60666.0, 60764.12, 128.50133]
[1634486400000, 60764.13, 60821.39, 60659.2, 60819.4, 194.02545]
[1634486700000, 60819.4, 60900.0, 60704.7, 60706.16, 107.68742]
[1634487000000, 60706.17, 60815.82, 60706.17, 60752.4, 156.894]
[1634487300000, 60752.4, 60942.68, 60730.0, 60877.01, 196.76216]
[1634487600000, 60877.01, 60944.3, 60849.78, 60879.18, 107.59753]
[1634487900000, 60879.18, 60949.99, 60860.98, 60915.91, 105.74379]
[1634488200000, 60915.91, 60969.99, 60888.21, 60905.08, 89.62736]
[1634488500000, 60905.08, 60905.08, 60838.77, 60859.77, 76.52236]
[1634488800000, 60859.76, 60896.0, 60815.37, 60834.84, 74.52054]
[1634489100000, 60834.85, 60886.77, 60734.77, 60768.28, 95.00247]
[1634489400000, 60768.28, 60867.9, 60756.83, 60858.36, 71.61851]
[1634489700000, 60858.35, 61000.0, 60822.0, 60971.39, 118.9439]
[1634490000000, 60971.39, 61025.51, 60916.08, 60975.55, 175.71917]
[1634490300000, 60975.55, 60989.99, 60924.75, 60926.56, 73.68826]
[1634490600000, 60926.56, 60940.0, 60867.21, 60900.98, 78.46588]
[1634490900000, 60907.74, 60920.0, 60800.0, 60856.66, 128.55944]
[1634491200000, 60852.7, 60899.0, 60802.9, 60898.62, 67.84437]
[1634491500000, 60898.63, 60989.65, 60898.63, 60975.66, 58.55629]
[1634491800000, 60975.67, 60985.0, 60931.73, 60933.41, 47.75687]
[1634492100000, 60933.41, 61030.88, 60918.97, 60998.9, 94.04226]
[1634492400000, 60998.9, 61075.65, 60970.9, 61062.98, 86.69558]
[1634492700000, 61062.37, 61080.0, 60986.14, 60987.85, 72.49304]
[1634493000000, 60987.85, 61060.03, 60961.29, 61046.63, 72.3096]
[1634493300000, 61046.63, 61065.68, 61001.96, 61029.65, 60.80615]
[1634493600000, 61029.66, 61033.73, 60986.74, 60997.0, 51.64178]
[1634493900000, 60997.0, 61040.59, 60933.43, 60973.39, 67.32508]
[1634494200000, 60973.39, 60981.34, 60930.0, 60930.02, 49.1063]
[1634494500000, 60930.02, 60989.86, 60930.02, 60950.0, 76.20793]
[1634494800000, 60950.0, 60980.0, 60931.32, 60937.62, 46.32251]
[1634495100000, 60937.62, 60985.0, 60936.87, 60971.37, 34.3578]
[1634495400000, 60971.38, 60996.21, 60941.49, 60970.85, 40.44858]
[1634495700000, 60970.84, 60977.97, 60934.45, 60942.6, 47.04063]
[1634496000000, 60942.6, 60942.61, 60844.64, 60901.98, 106.12224]
[1634496300000, 60901.98, 60926.73, 60880.01, 60884.2, 43.60598]
[1634496600000, 60884.2, 60939.0, 60841.52, 60900.05, 63.34025]
[1634496900000, 60900.06, 60993.32, 60897.87, 60976.09, 42.44938]
[1634497200000, 60976.08, 61000.0, 60934.23, 60944.72, 49.19829]
[1634497500000, 60944.71, 60944.72, 60805.92, 60812.21, 59.56482]
[1634497800000, 60812.22, 60827.35, 60653.8, 60688.74, 150.47971]
[1634498100000, 60688.73, 60783.71, 60665.01, 60737.07, 108.50077]
[1634498400000, 60737.06, 60789.93, 60690.0, 60713.92, 72.47936]
[1634498700000, 60713.91, 60713.92, 60615.0, 60687.99, 174.3443]
[1634499000000, 60687.99, 60687.99, 60560.0, 60615.93, 105.89219]
[1634499300000, 60615.93, 60615.94, 60500.51, 60603.02, 130.78406]
[1634499600000, 60603.01, 60636.3, 60507.38, 60554.52, 103.81105]
[1634499900000, 60554.51, 60613.49, 60502.0, 60542.22, 98.23834]
[1634500200000, 60542.23, 60552.97, 60405.01, 60439.06, 324.06117]
[1634500500000, 60442.63, 60543.55, 60379.56, 60519.48, 199.27262]
[1634500800000, 60519.48, 60519.49, 59367.71, 59773.54, 1923.30936]
[1634501100000, 59773.54, 60069.72, 59500.0, 60011.02, 741.70744]
[1634501400000, 60011.01, 60011.01, 59720.66, 59759.93, 287.01619]
[1634501700000, 59759.94, 59932.99, 59623.28, 59634.67, 245.17155]
[1634502000000, 59632.42, 59700.88, 58963.0, 59547.98, 1665.60769]
[1634502300000, 59551.28, 59800.0, 59500.01, 59538.09, 390.32907]
[1634502600000, 59542.15, 59718.57, 59476.46, 59513.18, 316.26804]
[1634502900000, 59513.17, 59658.17, 59300.38, 59649.67, 426.29555]
[1634503200000, 59649.66, 59748.11, 59500.0, 59516.48, 232.00342]
[1634503500000, 59509.78, 59650.04, 59500.0, 59566.59, 177.06277]
[1634503800000, 59566.59, 59622.32, 59352.75, 59370.97, 198.2835]
[1634504100000, 59370.96, 59511.56, 59318.09, 59401.12, 190.07679]
[1634504400000, 59401.12, 59594.99, 59300.21, 59586.1, 263.56333]
[1634504700000, 59586.57, 59707.67, 59560.29, 59702.83, 146.21668]
[1634505000000, 59704.02, 59997.51, 59698.21, 59885.68, 415.90371]
[1634505300000, 59885.67, 59900.0, 59806.88, 59818.52, 101.65581]
[1634505600000, 59818.52, 59867.06, 59761.9, 59845.75, 154.60381]
[1634505900000, 59845.76, 59930.0, 59736.46, 59806.66, 174.687]
[1634506200000, 59811.32, 59853.28, 59723.0, 59797.1, 88.8557]
[1634506500000, 59797.09, 59870.19, 59789.23, 59869.77, 50.65042]
[1634506800000, 59869.65, 60490.0, 59869.28, 60303.39, 641.38777]
[1634507100000, 60303.39, 60303.39, 60082.39, 60199.99, 185.92978]
[1634507400000, 60199.99, 60377.4, 60151.95, 60360.01, 197.33696]
[1634507700000, 60360.01, 60694.44, 60299.72, 60623.95, 384.70734]
[1634508000000, 60623.95, 60967.15, 60623.94, 60792.19, 805.47917]
[1634508300000, 60792.19, 60874.78, 60739.99, 60874.78, 144.09736]
[1634508600000, 60874.77, 61240.0, 60874.77, 61179.99, 490.42777]
[1634508900000, 61179.99, 61328.35, 61098.73, 61105.7, 285.62977]
[1634509200000, 61105.71, 61185.11, 60964.57, 60992.09, 208.85209]
[1634509500000, 60992.1, 61094.31, 60873.68, 60879.23, 145.05563]
[1634509800000, 60879.23, 61027.76, 60879.22, 60889.12, 133.50942]
[1634510100000, 60889.11, 60973.03, 60837.09, 60891.63, 125.38307]
[1634510400000, 60891.63, 60988.37, 60862.37, 60935.1, 88.63001]
[1634510700000, 60935.09, 61213.07, 60925.0, 61111.94, 161.02748]
[1634511000000, 61111.94, 61170.89, 61035.26, 61169.48, 109.80282]
[1634511300000, 61169.49, 61326.15, 61136.1, 61275.67, 184.92907]
[1634511600000, 61275.67, 61438.01, 61170.52, 61229.39, 265.85417]
[1634511900000, 61229.31, 61394.91, 61166.07, 61343.87, 130.35785]
[1634512200000, 61343.86, 61650.0, 61343.86, 61387.87, 557.1256]
[1634512500000, 61387.87, 61487.88, 61316.85, 61415.0, 146.58596]
[1634512800000, 61414.99, 61415.0, 61277.15, 61335.01, 103.85838]
[1634513100000, 61335.0, 61338.77, 61267.73, 61272.14, 127.43835]
[1634513400000, 61272.13, 61384.82, 61200.41, 61285.67, 123.31582]
[1634513700000, 61285.68, 61400.0, 61270.29, 61371.02, 62.38169]
[1634514000000, 61371.01, 61535.1, 61368.35, 61510.86, 151.45088]
[1634514300000, 61510.87, 61600.0, 61421.3, 61575.99, 160.06344]
[1634514600000, 61575.98, 61718.39, 61547.74, 61570.01, 309.77486]
[1634514900000, 61570.0, 61631.95, 61470.65, 61528.33, 113.00039]
[1634515200000, 61528.32, 61725.89, 61500.0, 61533.26, 308.88188]
[1634515500000, 61533.26, 61577.04, 61466.13, 61471.41, 105.36476]
[1634515800000, 61471.41, 61518.17, 61406.27, 61481.95, 129.36996]
[1634516100000, 61481.95, 61517.0, 61444.65, 61470.38, 51.18293]
[1634516400000, 61470.38, 61590.0, 61447.75, 61589.99, 73.7878]
[1634516700000, 61590.0, 62000.0, 61589.99, 61954.0, 547.42572]
[1634517000000, 61954.0, 62304.41, 61947.0, 62186.43, 651.69989]
[1634517300000, 62186.43, 62450.0, 62161.41, 62407.41, 374.75815]
[1634517600000, 62407.41, 62426.52, 62276.58, 62351.88, 302.59733]
[1634517900000, 62351.88, 62459.36, 62269.44, 62364.25, 396.40802]
[1634518200000, 62364.25, 62400.0, 62290.42, 62347.53, 293.31897]
[1634518500000, 62347.53, 62471.53, 62277.81, 62460.75, 297.5357]
[1634518800000, 62460.75, 62500.0, 62332.16, 62358.41, 358.17214]
[1634519100000, 62358.41, 62471.13, 62350.51, 62467.68, 162.92939]
[1634519400000, 62467.69, 62578.91, 62434.82, 62502.46, 432.38847]
[1634519700000, 62502.46, 62526.26, 62228.02, 62235.8, 243.73418]
[1634520000000, 62237.05, 62414.97, 62237.05, 62380.01, 167.75595]
[1634520300000, 62380.0, 62407.15, 62331.33, 62352.0, 79.45475]
[1634520600000, 62352.0, 62426.54, 62262.61, 62273.86, 174.60343]
[1634520900000, 62273.87, 62365.87, 62243.95, 62347.86, 110.15798]
[1634521200000, 62347.86, 62407.99, 62347.86, 62395.26, 62.06244]
[1634521500000, 62395.25, 62410.0, 62315.75, 62353.78, 72.87866]
[1634521800000, 62353.78, 62391.09, 62280.0, 62281.75, 105.38991]
[1634522100000, 62281.75, 62329.33, 62000.0, 62098.05, 332.65728]
[1634522400000, 62098.05, 62329.34, 62098.05, 62226.0, 177.0492]
[1634522700000, 62226.0, 62265.5, 62180.01, 62198.77, 92.08059]
[1634523000000, 62198.77, 62219.66, 62083.33, 62135.28, 98.26064]
[1634523300000, 62135.28, 62135.28, 62000.0, 62002.35, 168.9025]
[1634523600000, 62002.35, 62131.66, 61942.4, 62118.41, 101.39219]
[1634523900000, 62118.41, 62149.03, 62081.99, 62084.35, 78.43214]
[1634524200000, 62084.35, 62189.71, 62084.35, 62167.35, 76.96006]
[1634524500000, 62167.34, 62252.95, 62140.0, 62188.32, 113.67862]
[1634524800000, 62188.32, 62238.38, 62139.99, 62173.52, 87.35242]
[1634525100000, 62173.52, 62184.27, 62147.44, 62162.48, 74.393]
[1634525400000, 62162.48, 62172.18, 62007.17, 62160.01, 201.68888]
[1634525700000, 62160.0, 62175.4, 62054.92, 62106.21, 84.81878]
[1634526000000, 62106.21, 62271.34, 62092.22, 62168.51, 119.20495]
[1634526300000, 62168.51, 62170.0, 62092.53, 62105.09, 88.10639]
[1634526600000, 62105.09, 62168.0, 62094.0, 62094.01, 57.3294]
[1634526900000, 62094.0, 62217.69, 62085.0, 62211.06, 61.55484]
[1634527200000, 62211.06, 62214.9, 62111.07, 62163.99, 102.4687]
[1634527500000, 62163.99, 62214.72, 62100.47, 62138.99, 70.94818]
[1634527800000, 62138.99, 62187.9, 62072.93, 62091.9, 86.32434]
[1634528100000, 62091.91, 62125.62, 62001.01, 62045.33, 107.48016]
[1634528400000, 62045.33, 62054.44, 61881.0, 61932.99, 141.8846]
[1634528700000, 61932.99, 62097.57, 61932.99, 62087.39, 87.31323]
[1634529000000, 62087.38, 62098.99, 62000.62, 62091.01, 56.79376]
[1634529300000, 62091.0, 62136.84, 62070.01, 62123.87, 51.93042]
[1634529600000, 62123.87, 62169.99, 62070.17, 62080.87, 93.10227]
[1634529900000, 62080.88, 62149.7, 62051.07, 62054.41, 103.09273]
[1634530200000, 62054.42, 62064.32, 62012.9, 62020.01, 69.63894]
[1634530500000, 62020.01, 62123.45, 62000.01, 62093.43, 67.32199]
[1634530800000, 62093.43, 62180.0, 62093.43, 62110.18, 62.73603]
[1634531100000, 62110.19, 62124.22, 62050.34, 62070.01, 87.87254]
[1634531400000, 62070.01, 62134.96, 62016.88, 62085.87, 89.99092]
[1634531700000, 62085.88, 62165.82, 62015.0, 62108.34, 86.74516]
[1634532000000, 62108.35, 62175.99, 62100.0, 62162.66, 125.55687]
[1634532300000, 62162.66, 62219.38, 62105.71, 62214.66, 120.46982]
[1634532600000, 62214.67, 62308.97, 62142.08, 62300.39, 188.84257]
[1634532900000, 62300.39, 62419.99, 62299.01, 62371.15, 204.911]
[1634533200000, 62371.16, 62500.0, 62352.45, 62490.0, 202.70324]
[1634533500000, 62490.0, 62533.64, 62403.9, 62434.26, 251.33693]
[1634533800000, 62434.27, 62438.02, 62330.08, 62376.14, 127.36023]
[1634534100000, 62376.15, 62380.0, 62257.29, 62257.32, 95.93285]
[1634534400000, 62257.32, 62300.0, 62253.72, 62299.99, 95.78941]
[1634534700000, 62300.0, 62384.98, 62270.0, 62363.54, 67.52811]
[1634535000000, 62365.24, 62495.0, 62365.24, 62392.38, 112.9028]
[1634535300000, 62392.38, 62459.21, 62360.09, 62414.09, 121.4857]
[1634535600000, 62414.09, 62417.64, 62307.86, 62341.98, 89.70136]
[1634535900000, 62341.99, 62344.8, 62245.39, 62289.71, 93.37995]
[1634536200000, 62289.71, 62354.05, 62277.38, 62291.17, 95.19536]
[1634536500000, 62288.19, 62396.77, 62273.28, 62371.08, 124.10019]
[1634536800000, 62371.07, 62411.38, 62292.02, 62304.28, 90.87165]
[1634537100000, 62304.27, 62439.23, 62292.6, 62423.02, 151.88514]
[1634537400000, 62423.01, 62456.49, 62415.0, 62427.35, 166.2042]
[1634537700000, 62427.34, 62435.63, 62322.54, 62332.61, 216.16563]
[1634538000000, 62332.61, 62345.0, 62280.51, 62285.39, 94.1316]
[1634538300000, 62285.4, 62305.27, 62218.92, 62228.32, 99.45915]
[1634538600000, 62228.32, 62246.6, 62150.1, 62150.1, 114.20485]
[1634538900000, 62150.11, 62260.35, 62124.65, 62258.04, 119.65204]
[1634539200000, 62258.04, 62413.03, 62258.03, 62373.57, 105.3558]
[1634539500000, 62373.56, 62431.36, 62312.65, 62318.86, 120.05811]
[1634539800000, 62318.86, 62341.0, 62275.0, 62320.53, 78.01567]
[1634540100000, 62320.53, 62323.12, 62255.51, 62255.61, 73.78702]
[1634540400000, 62255.62, 62275.89, 62200.51, 62206.55, 72.46168]
[1634540700000, 62206.55, 62399.51, 62188.22, 62339.31, 128.79322]
[1634541000000, 62339.31, 62419.0, 62324.58, 62409.09, 98.12159]
[1634541300000, 62409.1, 62490.0, 62409.1, 62423.32, 158.9686]
[1634541600000, 62423.32, 62478.22, 62370.0, 62378.88, 111.6474]
[1634541900000, 62378.87, 62457.99, 62343.4, 62415.51, 70.20643]
[1634542200000, 62415.5, 62477.82, 62404.51, 62469.07, 98.47298]
[1634542500000, 62468.79, 62695.78, 62163.26, 62348.09, 734.69366]
[1634542800000, 62348.1, 62449.12, 62300.89, 62300.89, 172.32748]
[1634543100000, 62300.9, 62331.3, 62203.79, 62265.93, 121.31922]
[1634543400000, 62265.94, 62265.94, 61775.38, 61905.43, 523.41438]
[1634543700000, 61905.43, 62236.92, 61874.0, 61885.42, 252.34382]
[1634544000000, 61885.43, 62048.04, 61860.0, 62000.01, 229.00232]
[1634544300000, 62000.02, 62050.0, 61843.25, 61865.44, 170.64764]
[1634544600000, 61865.44, 61876.77, 61700.0, 61803.38, 308.51993]
[1634544900000, 61803.38, 61955.54, 61801.63, 61891.0, 161.05361]
[1634545200000, 61891.0, 62037.06, 61887.55, 62033.74, 91.33602]
[1634545500000, 62033.42, 62464.01, 61965.0, 62362.94, 330.44562]
[1634545800000, 62362.94, 62464.0, 61969.69, 62025.03, 309.54806]
[1634546100000, 62025.02, 62111.79, 61505.0, 61710.55, 561.70374]
[1634546400000, 61710.54, 61861.42, 61600.0, 61663.76, 135.8092]
[1634546700000, 61663.76, 61839.99, 61606.35, 61770.02, 214.94713]
[1634547000000, 61770.01, 61852.2, 61704.16, 61805.82, 149.07254]
[1634547300000, 61805.82, 61836.28, 61729.78, 61807.94, 124.25028]
[1634547600000, 61807.93, 61807.93, 61600.0, 61687.23, 151.00936]
[1634547900000, 61686.5, 61816.17, 61686.49, 61745.98, 136.30931]
[1634548200000, 61745.98, 62075.62, 61745.97, 62021.07, 293.76702]
[1634548500000, 62021.08, 62143.6, 61967.11, 61967.11, 246.01937]
[1634548800000, 61967.11, 62019.87, 61840.08, 61885.51, 120.78419]
[1634549100000, 61885.64, 61987.12, 61870.06, 61970.29, 92.13718]
[1634549400000, 61970.28, 62013.54, 61831.0, 61832.25, 100.87341]
[1634549700000, 61832.26, 61895.14, 61800.01, 61835.52, 111.09176]
[1634550000000, 61835.53, 61884.53, 61717.7, 61724.15, 190.49483]
[1634550300000, 61724.15, 61791.0, 61641.6, 61663.66, 157.25344]
[1634550600000, 61663.66, 61664.72, 61122.52, 61281.13, 1035.51716]
[1634550900000, 61281.13, 61307.66, 60579.02, 61245.6, 888.83367]
[1634551200000, 61245.59, 61277.68, 61036.97, 61172.38, 272.08243]
[1634551500000, 61172.38, 61183.08, 60769.55, 60783.74, 377.57365]
[1634551800000, 60783.74, 61015.84, 60627.59, 60976.94, 356.78413]
[1634552100000, 60976.95, 61000.0, 60687.08, 60729.27, 245.83884]
[1634552400000, 60729.28, 60926.4, 60672.67, 60920.58, 211.39389]
[1634552700000, 60920.59, 61178.06, 60920.58, 61000.0, 270.63679]
[1634553000000, 60999.99, 61111.0, 60827.45, 60973.57, 275.9446]
[1634553300000, 60973.57, 61120.0, 60930.23, 61086.5, 230.63522]
[1634553600000, 61086.49, 61330.0, 61061.98, 61311.57, 382.15752]
[1634553900000, 61311.57, 61330.01, 61126.84, 61216.83, 296.94984]
[1634554200000, 61216.77, 61524.2, 61153.34, 61452.59, 484.3162]
[1634554500000, 61452.6, 61462.0, 61301.12, 61316.57, 109.50942]
[1634554800000, 61316.54, 61333.28, 61095.62, 61293.09, 308.15234]
[1634555100000, 61293.08, 61556.35, 61185.97, 61482.55, 265.91454]
[1634555400000, 61487.26, 61494.99, 61321.68, 61410.19, 168.37998]
[1634555700000, 61410.2, 61477.1, 61240.68, 61247.28, 213.44897]
[1634556000000, 61247.28, 61249.3, 61138.64, 61219.73, 145.44561]
[1634556300000, 61219.73, 61354.43, 61200.0, 61322.16, 138.98671]
[1634556600000, 61322.15, 61482.55, 61270.0, 61380.95, 171.14097]
[1634556900000, 61380.95, 61380.95, 61112.82, 61112.82, 140.46672]
[1634557200000, 61112.83, 61128.85, 60800.0, 60977.06, 303.01541]
[1634557500000, 60977.06, 61088.26, 60722.0, 60734.96, 339.79776]
[1634557800000, 60734.97, 60909.99, 60700.0, 60898.59, 310.75366]
[1634558100000, 60897.09, 60968.46, 60844.68, 60933.04, 124.53612]
[1634558400000, 60933.04, 61044.3, 60791.81, 60949.07, 296.65274]
[1634558700000, 60949.07, 60989.82, 60840.0, 60949.99, 217.76405]
[1634559000000, 60950.0, 61040.22, 60887.62, 61002.58, 168.47827]
[1634559300000, 61002.59, 61121.99, 60952.85, 61115.49, 149.23519]
[1634559600000, 61115.49, 61164.44, 60903.07, 60927.65, 185.81953]
[1634559900000, 60927.64, 60945.25, 60742.99, 60815.85, 166.96775]
[1634560200000, 60806.3, 60914.45, 60782.08, 60863.58, 101.29689]
[1634560500000, 60863.58, 61170.66, 60829.31, 60839.34, 212.48546]
[1634560800000, 60837.42, 60984.76, 60834.01, 60984.75, 116.72844]
[1634561100000, 60984.76, 61029.41, 60871.7, 60887.75, 112.66072]
[1634561400000, 60887.76, 60913.79, 60620.8, 60649.3, 220.95619]
[1634561700000, 60649.3, 60665.58, 60270.0, 60617.01, 806.28092]
[1634562000000, 60617.01, 60617.01, 60000.0, 60249.99, 511.0608]
[1634562300000, 60249.99, 60363.85, 59844.45, 60232.72, 629.59498]
[1634562600000, 60232.73, 60350.01, 60052.98, 60350.0, 275.08064]
[1634562900000, 60350.0, 60660.27, 60274.26, 60585.17, 314.06713]
[1634563200000, 60585.18, 60818.64, 60538.22, 60793.16, 259.0241]
[1634563500000, 60790.03, 61320.0, 60743.94, 61290.13, 641.03642]
[1634563800000, 61277.69, 61637.5, 61250.0, 61476.14, 938.22917]
[1634564100000, 61476.15, 61565.06, 61304.35, 61480.87, 425.84567]
[1634564400000, 61480.88, 61550.78, 61346.63, 61352.92, 275.78788]
[1634564700000, 61352.92, 61408.07, 61219.51, 61408.06, 198.53515]
[1634565000000, 61408.07, 61553.63, 61391.09, 61553.63, 226.84285]
[1634565300000, 61553.63, 61943.1, 61553.62, 61835.23, 594.59806]
[1634565600000, 61835.22, 61970.0, 61750.0, 61773.42, 283.28488]
[1634565900000, 61773.42, 62213.73, 61761.62, 62122.85, 481.16976]
[1634566200000, 62122.85, 62125.53, 61936.05, 62019.1, 221.85542]
[1634566500000, 62019.09, 62019.09, 61844.23, 61897.66, 151.09022]
[1634566800000, 61897.66, 62020.0, 61795.72, 62009.04, 162.80514]
[1634567100000, 62009.04, 62152.04, 61949.99, 62008.77, 213.0961]
[1634567400000, 62008.76, 62102.99, 61889.28, 61899.15, 187.37033]
[1634567700000, 61899.16, 61984.87, 61823.13, 61881.56, 145.85975]
[1634568000000, 61881.56, 61980.0, 61731.49, 61760.47, 198.23678]
[1634568300000, 61760.47, 61969.69, 61604.99, 61945.99, 236.70121]
[1634568600000, 61945.99, 62200.0, 61923.0, 62047.1, 291.32287]
[1634568900000, 62047.1, 62198.94, 61982.3, 62092.4, 229.67888]
[1634569200000, 62088.22, 62200.0, 62031.83, 62047.7, 122.43594]
